EXPLORATION STEP
0, 0
0.04912316279782839
EXPLORATION STEP
4, 4
0.1753012222135978
EXPLOITATION STEP
4, 6
0.18932531999068564
EXPLOITATION STEP
4, 4
0.22550749225557223
EXPLOITATION STEP
4, 6
0.23120688559218072
EXPLORATION STEP
4, 4
0.22040272066471225
EXPLOITATION STEP
4, 9
0.19379777306097226
EXPLOITATION STEP
4, 6
0.2400391501794084
EXPLOITATION STEP
4, 6
0.24251218426383217
EXPLORATION STEP
4, 6
0.23930748091124202
[[0.04912316 0.         0.         0.         0.         0.
  0.         0.         0.         0.         0.        ]
 [0.         0.         0.         0.         0.         0.
  0.         0.         0.         0.         0.        ]
 [0.         0.         0.         0.         0.         0.
  0.         0.         0.         0.         0.        ]
 [0.         0.         0.         0.         0.         0.
  0.         0.         0.         0.         0.        ]
 [0.         0.         0.         0.         0.22040272 0.
  0.23930748 0.         0.         0.19379777 0.        ]
 [0.         0.         0.         0.         0.         0.
  0.         0.         0.         0.         0.        ]
 [0.         0.         0.         0.         0.         0.
  0.         0.         0.         0.         0.        ]
 [0.         0.         0.         0.         0.         0.
  0.         0.         0.         0.         0.        ]
 [0.         0.         0.         0.         0.         0.
  0.         0.         0.         0.         0.        ]
 [0.         0.         0.         0.         0.         0.
  0.         0.         0.         0.         0.        ]
 [0.         0.         0.         0.         0.         0.
  0.         0.         0.         0.         0.        ]]